0.016258650000000 0.334292325000000 0.233853050000000 0.848605200000000 0.365913850000000 0.523865475000000 0.525055900000000 0.683579625000000 0.424452500000000 0.424686350000000 0.649731650000000 0.730973775000000 0.436722500000000 0.589842425000000
0.000000000000000 0.000002500000000 0.370700400000000 0.755885100000000 0.142596900000000 0.439181500000000 0.554023025000000 0.456422900000000 0.394212775000000 0.638676600000000 0.501160075000000 0.818491850000000 0.439248150000000 0.514132275000000
0.000000000000000 0.000000000000000 0.003284075000000 0.786714400000000 0.354967125000000 0.500881000000000 0.574352275000000 0.517235725000000 0.392145425000000 0.421808750000000 0.528565750000000 0.824163450000000 0.330008200000000 0.591972975000000
0.000000000000000 0.000000000000000 0.000000000000000 0.004477050000000 0.744477000000000 0.615408925000000 0.725656775000000 0.509418000000000 0.640080550000000 0.494056800000000 0.716968875000000 0.698368700000000 0.709031200000000 0.630715225000000
0.000000000000000 0.000000000000000 0.000000000000000 0.000000000000000 0.000002500000000 0.560729125000000 0.633169175000000 0.507703675000000 0.213587825000000 0.526518875000000 0.565723425000000 0.799977900000000 0.456541850000000 0.527212625000000
0.000000000000000 0.000000000000000 0.000000000000000 0.000000000000000 0.000000000000000 0.002668300000000 0.281874400000000 0.423877650000000 0.723056650000000 0.659706950000000 0.255158525000000 0.658007475000000 0.687375300000000 0.230541900000000
0.000000000000000 0.000000000000000 0.000000000000000 0.000000000000000 0.000000000000000 0.000000000000000 0.000123150000000 0.559788950000000 0.739372800000000 0.667398225000000 0.390696275000000 0.507799675000000 0.602317850000000 0.255445850000000
0.000000000000000 0.000000000000000 0.000000000000000 0.000000000000000 0.000000000000000 0.000000000000000 0.000000000000000 0.000000000000000 0.597350675000000 0.691667525000000 0.411254550000000 0.616808700000000 0.615573075000000 0.416650300000000
0.000000000000000 0.000000000000000 0.000000000000000 0.000000000000000 0.000000000000000 0.000000000000000 0.000000000000000 0.000000000000000 0.000821025000000 0.479457425000000 0.773487700000000 0.745239000000000 0.359046100000000 0.706075500000000
0.000000000000000 0.000000000000000 0.000000000000000 0.000000000000000 0.000000000000000 0.000000000000000 0.000000000000000 0.000000000000000 0.000000000000000 0.002339900000000 0.658015625000000 0.801369550000000 0.296963125000000 0.612717550000000
0.000000000000000 0.000000000000000 0.000000000000000 0.000000000000000 0.000000000000000 0.000000000000000 0.000000000000000 0.000000000000000 0.000000000000000 0.000000000000000 0.000000000000000 0.632695500000000 0.608803825000000 0.200399075000000
0.000000000000000 0.000000000000000 0.000000000000000 0.000000000000000 0.000000000000000 0.000000000000000 0.000000000000000 0.000000000000000 0.000000000000000 0.000000000000000 0.000000000000000 0.000246300000000 0.810610025000000 0.587293150000000
0.000000000000000 0.000000000000000 0.000000000000000 0.000000000000000 0.000000000000000 0.000000000000000 0.000000000000000 0.000000000000000 0.000000000000000 0.000000000000000 0.000000000000000 0.000000000000000 0.002216750000000 0.607120750000000
0.000000000000000 0.000000000000000 0.000000000000000 0.000000000000000 0.000000000000000 0.000000000000000 0.000000000000000 0.000000000000000 0.000000000000000 0.000000000000000 0.000000000000000 0.000000000000000 0.000000000000000 0.000084600000000
